[175, 175, 175, 175, 163, 171, 179, 183, 171, 175]
[247, 247, 247, 247, 231, 239, 239, 247, 255, 255]
[143, 143, 143, 143, 139, 143, 139, 143, 148, 143]
VERDE^^
[167, 167, 167, 167, 171, 171, 167, 171, 171, 167]
[239, 239, 239, 239, 247, 247, 247, 247, 247, 247]
[139, 139, 139, 139, 139, 139, 139, 139, 139, 143]
PRETO^^
[171, 171, 171, 171, 175, 171, 171, 171, 171, 171]
[247, 247, 247, 247, 255, 247, 247, 247, 247, 231]
[143, 143, 143, 143, 139, 139, 143, 139, 135, 135]
CINZA^^
[155, 155, 155, 155, 155, 146, 151, 146, 151, 146]
[189, 189, 189, 189, 183, 189, 183, 183, 183, 183]
[255, 255, 255, 255, 255, 255, 255, 255, 255, 255]
VERDE^^
[151, 151, 151, 151, 146, 146, 146, 146, 151, 146]
[189, 189, 189, 189, 189, 183, 183, 183, 189, 183]
[255, 255, 255, 255, 255, 255, 255, 255, 255, 255]
PRETO^^
[142, 142, 142, 142, 146, 146, 146, 146, 142, 142]
[177, 177, 177, 177, 183, 183, 183, 183, 183, 183]
[255, 255, 255, 255, 255, 255, 255, 255, 255, 255]
CINZA^^




















































































end
